[INFO] : Number line count in file randomA100.tsp = 5057
[INFO] : Number line count in file randomB100.tsp = 5057
[INFO] : Number line count in file randomC100.tsp = 5057
[INFO] : Number line count in file randomD100.tsp = 5057
[INFO] : Number line count in file randomE100.tsp = 5057
[INFO] : Number line count in file randomF100.tsp = 5057
------------------------------------------------------------
Question 2.1
Matrice randomA100.tsp
0	811	4308	1240	1481	4426	4375	1103	999	831	1103	4232	4113	4142	4152	3503	3792	2613	2763	1987	4288	541	430	1143	2739	2260	1786	1303	638	94	3253	951	2851	1498	2335	3315	4102	616	985	2456	4269	842	3104	3537	2674	511	1697	97	2402	3995	2660	763	3614	2524	2970	3505	347	101	2965	1719	3942	3648	758	4133	1996	1840	4340	4253	1317	2954	1810	4188	2669	1487	2191	3653	2702	474	2124	635	2	3694	3826	4186	2251	3214	4254	918	2744	3895	1643	1515	3408	263	1200	807	1298	4342	757	2913	
811	0	352	2678	2426	1812	553	1596	1027	2699	2104	274	595	741	3745	340	2558	2433	2177	595	1330	344	2962	558	2603	607	1145	2992	846	1318	3399	1140	3184	145	2105	1441	1590	4060	1914	4030	625	1919	1423	2797	1018	193	1985	2247	1869	627	2792	3426	2008	1787	1851	3985	3243	2982	2226	3031	1072	1428	786	3859	2017	2673	2934	1468	1322	1941	1880	1959	925	1693	40	3536	843	1358	886	1489	1883	988	4159	573	2557	2098	2018	2926	670	4297	2402	1781	628	3873	3716	2683	3678	2453	786	3182	
4308	352	0	3289	1304	1459	2544	894	3209	1525	3347	2253	4468	3249	1721	2609	2634	1114	2567	3186	4277	364	4332	222	3030	194	2803	2846	4426	245	2263	4126	4459	2782	4151	3838	4129	1996	521	4180	3499	2269	3067	670	1431	1473	2159	3033	1006	4082	2065	4388	969	3279	1580	1255	2203	1881	3482	1500	1785	838	748	424	2483	3403	1321	2883	578	4147	4045	828	2716	1325	2758	4148	4430	4369	4343	3526	1220	2471	851	468	409	4091	3045	1840	2676	928	2692	1251	3543	580	2704	256	4274	4314	4247	2501	
1240	2678	3289	0	675	550	3074	4374	4179	1756	1330	4396	3552	4305	4089	12	663	1184	3118	1904	3067	2706	656	438	2553	1762	4270	734	3777	1483	1539	1515	2940	222	868	2149	3025	3563	3615	692	3364	4375	2914	368	376	4208	1407	352	3680	626	1650	1162	2306	2431	1878	618	3687	1351	4394	761	3166	816	292	3139	338	483	953	2945	1572	475	3556	4049	1307	16	2757	821	1228	4185	1593	1832	693	2570	1353	2484	1439	3944	824	826	3713	4360	2899	2007	2017	2839	602	3318	441	227	1453	4055	
1481	2426	1304	675	0	621	3032	1529	3191	2188	930	1790	2719	2368	2192	4096	3276	1988	2946	1215	652	3104	3965	776	4331	3021	3841	3940	2010	655	85	562	1154	2149	3454	833	99	3115	2753	617	200	1780	1223	992	4133	527	2690	3188	3173	1712	43	3387	1282	3786	94	2799	2475	1909	2021	3152	3648	2926	4395	2772	1169	2431	4305	1870	2383	3549	2	2474	465	273	2871	3028	3669	2713	2196	3713	2241	1615	3481	3555	2717	2773	1599	1177	439	126	1887	2036	1131	3612	2206	1055	3336	1343	385	3101	
4426	1812	1459	550	621	0	993	2289	1422	3722	1655	1194	1388	3490	1500	2475	4335	3996	3612	1589	2337	2468	271	714	889	2760	3095	4339	2631	3130	1484	2602	4121	3049	4105	3605	2718	4319	1122	1099	1349	1614	875	317	3189	4398	3115	2376	624	1807	3668	4395	4125	740	3311	2354	3655	1655	2971	2246	3596	2346	3534	4117	3214	4343	1861	2964	4133	3772	380	4254	613	1358	3674	234	4166	987	1967	2542	3215	3646	1066	4099	1500	72	1883	1834	2529	1120	1583	2663	3779	692	619	3523	2523	935	3773	4314	
4375	553	2544	3074	3032	993	0	3020	3741	1440	2069	300	1015	2038	3911	742	968	3884	795	3993	833	1104	2564	4359	4173	2833	627	3871	4009	1349	4032	3986	3819	917	3507	2061	1299	955	2210	452	4428	92	4251	1943	929	375	1393	781	1932	333	129	3680	1592	741	3515	1267	1339	4418	3671	3933	2178	3759	1642	3240	2317	3700	2760	4167	977	4004	3425	1875	4380	2140	3231	507	1753	2783	1598	2240	2614	1672	2745	4307	4045	4027	2482	3482	100	4226	137	588	2969	3076	282	2092	4421	2238	1472	4346	
1103	1596	894	4374	1529	2289	3020	0	2251	299	269	2403	3696	1971	2777	661	71	766	1859	2794	1558	1677	1024	3641	1374	2168	1253	3054	3280	2993	2834	2094	556	2318	1927	1687	856	1601	2437	14	2803	2072	3822	1545	377	13	4267	2466	746	557	1471	3223	2058	896	357	3748	4047	3974	2551	310	2031	4307	1552	2395	3231	2099	419	2612	3322	3990	3182	3585	1425	3238	1324	487	3180	527	2923	1511	2185	2699	2508	3997	4425	1937	2277	3140	2410	2679	1106	4010	2661	1005	1178	3605	4175	2937	4207	1706	
999	1027	3209	4179	3191	1422	3741	2251	0	3216	654	2579	4014	4107	681	3274	2328	2642	3299	960	3289	2129	2640	1504	476	2050	897	3034	351	1566	720	1098	2953	4217	610	2189	3597	23	1829	4400	24	3249	4072	1155	1923	3181	1688	326	826	4301	804	1913	2086	2615	2472	1824	2461	2787	1629	2677	344	986	4339	2825	3186	172	1890	1820	3288	3364	1436	1908	3591	149	3670	3897	858	3630	3168	2776	1600	4088	2116	1193	3566	1016	2934	4351	3446	3041	3441	1493	3581	4229	2400	331	1416	1528	1444	4128	
831	2699	1525	1756	2188	3722	1440	299	3216	0	911	1700	3716	1009	3111	3906	3182	4196	4104	4075	2919	445	3753	763	1051	3464	1872	1375	1847	2832	631	552	122	3723	1047	1466	249	3305	2873	3129	652	2722	2330	2828	2051	3429	2358	795	809	1099	4436	2412	1905	559	2685	2672	3310	2437	1090	1101	3713	3310	2883	3468	1214	4027	1330	621	2971	2165	2600	3169	2103	1933	3678	3949	1536	4123	2652	3592	2733	4056	1942	3021	1384	3428	3533	3667	828	2582	2828	4021	4464	737	1251	753	3420	2557	1915	4192	
1103	2104	3347	1330	930	1655	2069	269	654	911	0	1276	2408	4309	2209	524	3548	2727	3693	4214	3970	2553	114	688	586	2868	235	3299	342	3356	313	3144	274	654	2545	1243	4147	277	1566	2629	2968	1366	3763	885	698	969	4457	2814	3834	3413	1829	1538	2947	778	1517	2680	1895	3430	2880	2736	1007	1822	2754	789	945	541	2928	700	1055	1868	1204	3183	48	520	1200	3913	642	335	2438	1758	3550	3934	419	3071	512	2914	2089	215	1584	115	2983	737	3343	3032	1203	357	4380	2227	3147	83	
4232	274	2253	4396	1790	1194	300	2403	2579	1700	1276	0	3661	2170	3737	3114	2104	3354	143	350	1690	1169	2646	296	2291	3009	2070	3264	1694	2398	3417	2408	1439	1195	2710	2077	301	3380	162	613	1853	1771	4299	4388	2392	887	512	516	3285	52	3500	1062	2385	642	2766	4291	1514	4336	2839	4415	668	3871	3027	2515	2150	370	1402	2062	4107	1570	1009	4196	713	192	3450	2977	4291	2207	593	431	3453	3451	2632	1110	1585	4302	4134	2418	2073	4003	2659	4289	1616	1505	272	943	744	4038	406	2138	
4113	595	4468	3552	2719	1388	1015	3696	4014	3716	2408	3661	0	1862	1075	3617	3369	561	2027	3119	1232	2281	427	2733	1006	578	4375	3008	3882	3951	3454	3214	2416	1799	1132	1783	1763	1483	1022	191	3206	751	2341	3802	3455	4363	651	2614	3028	2310	150	2770	3679	708	1339	2020	948	228	301	1693	2007	2930	1868	1482	3673	1958	482	735	3196	3124	1754	949	3967	3783	2387	425	1218	1055	3353	852	2623	336	3885	2682	708	527	347	1989	3867	789	2384	283	2874	4200	2357	1532	1425	4103	2112	3730	
4142	741	3249	4305	2368	3490	2038	1971	4107	1009	4309	2170	1862	0	4437	1758	1128	1436	4469	3239	2705	1292	3594	2630	4093	4182	2680	4297	1760	3164	4074	2418	1121	1579	2479	2549	3659	3641	1191	602	4152	1517	2363	1781	1859	711	2964	409	1762	1140	2021	447	2428	2563	1185	2670	3848	1812	254	3219	3742	270	3256	2101	3691	1477	2450	2796	2167	3597	4132	1446	1706	4311	440	1524	1627	771	3131	4463	1547	1484	1499	3465	1297	2555	1859	4200	246	3067	4109	3230	2085	3808	1330	2729	4005	3590	1103	377	
4152	3745	1721	4089	2192	1500	3911	2777	681	3111	2209	3737	1075	4437	0	121	531	3257	338	3274	478	2454	2953	1217	1393	1586	1760	4033	633	1299	573	423	4138	1490	1162	1864	2029	1450	2980	74	1359	3149	2649	4223	2396	2139	1866	2653	164	1699	605	3017	1171	2994	4043	2200	807	330	1526	623	562	3432	1074	465	4453	1156	1742	3826	1955	3614	2692	126	3882	1936	402	1235	1171	2049	3171	2040	829	3515	2180	3835	2777	934	3885	391	1365	334	4209	991	2961	2567	3918	994	3851	3260	421	1916	
3503	340	2609	12	4096	2475	742	661	3274	3906	524	3114	3617	1758	121	0	168	4029	2127	479	3455	2344	916	1951	2449	1216	1788	1126	3171	979	4330	2171	1955	2021	564	1437	308	1533	252	3472	2409	2152	1362	2920	138	98	2777	3652	1949	3654	931	3166	3483	4007	1137	23	2367	2966	4218	752	2844	4282	163	2339	23	1338	425	3500	4103	2706	1250	4087	3814	1148	161	2157	2910	2534	3519	592	774	2017	3936	1887	2090	557	3263	2625	2333	3473	3200	797	3974	1886	439	4362	1146	3210	3456	3764	
3792	2558	2634	663	3276	4335	968	71	2328	3182	3548	2104	3369	1128	531	168	0	3495	2029	3044	1650	2685	1543	3623	4370	3994	3806	4469	2313	271	2285	2861	976	1066	2959	34	1963	2705	40	2759	3468	3773	2015	3540	3012	2157	3403	3980	2966	4434	4157	365	1734	1357	25	2873	668	1998	475	2399	502	295	1421	965	2302	991	1200	1780	93	2884	3109	816	273	1864	1603	3678	2480	218	1658	1346	3877	3153	2375	2636	3543	155	2248	1360	4429	2340	1454	1347	2489	2385	1384	3152	4064	3060	4421	2202	
2613	2433	1114	1184	1988	3996	3884	766	2642	4196	2727	3354	561	1436	3257	4029	3495	0	502	3547	1760	4328	3755	3321	4423	3444	3566	3710	3652	4323	3464	1162	3953	3613	1723	4389	78	1394	4135	673	941	4464	273	1403	2932	769	1836	1281	1588	1685	3552	1792	468	2638	3113	147	1547	3807	1728	262	2230	2676	2774	265	2842	3845	504	3853	3505	3784	379	3656	3301	3636	1998	2385	2456	4133	4221	195	2598	2358	1497	4209	898	2681	2172	3685	2082	2490	2990	3931	1448	593	411	1848	3989	3756	2185	2994	
2763	2177	2567	3118	2946	3612	795	1859	3299	4104	3693	143	2027	4469	338	2127	2029	502	0	2056	3068	472	1035	697	3860	897	27	2782	2297	4217	2538	1560	1286	2695	746	3009	3393	4000	2728	3796	3692	711	2895	783	1233	4115	2670	4297	2564	3807	1371	3909	481	2350	4230	2443	3107	3811	1826	3995	2385	666	3009	2665	4170	3793	14	2555	215	3929	1044	1162	3315	857	1053	1747	4275	1458	2626	212	4379	744	3271	2838	3694	4	3922	2797	1504	4059	1741	2515	3464	3167	3689	2066	3509	2574	3718	4047	
1987	595	3186	1904	1215	1589	3993	2794	960	4075	4214	350	3119	3239	3274	479	3044	3547	2056	0	3458	4083	1661	3782	539	2971	1316	3055	3358	1867	2787	4278	854	685	2439	277	4199	407	982	200	1814	3288	3133	3976	2256	1872	532	4227	201	3699	1045	550	3466	2542	2177	2552	3076	2383	404	136	1379	1553	3833	4425	3916	4032	108	3024	2459	441	3460	330	4449	2789	2601	1867	3604	1560	2104	1433	2130	777	769	576	2728	2548	1587	3543	2331	2133	1817	2811	3837	4461	4450	3048	1633	2244	3115	78	
4288	1330	4277	3067	652	2337	833	1558	3289	2919	3970	1690	1232	2705	478	3455	1650	1760	3068	3458	0	2162	4012	2414	2773	2013	295	3688	984	2116	346	2797	3684	3443	4253	3296	2282	269	1083	1908	1030	1412	559	388	4033	2415	1054	4011	3784	3117	961	1858	1146	4412	4128	1588	3559	3549	3340	151	80	3199	2375	2635	4347	1052	1141	3827	4038	4023	2030	1013	4258	3025	3910	2396	2158	4186	1039	2718	3363	3719	1591	740	2035	3236	273	3872	1764	374	3205	3478	1575	500	2886	2099	3989	3288	3387	2461	
541	344	364	2706	3104	2468	1104	1677	2129	445	2553	1169	2281	1292	2454	2344	2685	4328	472	4083	2162	0	3252	479	3965	4338	1257	876	4334	3508	3181	670	1428	2247	2446	1465	2529	881	1574	3408	3817	3384	3773	270	3880	4003	447	2606	1455	1150	2697	2821	879	726	2470	4303	3593	3573	801	476	2165	4436	4024	1682	3267	1124	1989	1447	2138	3267	3550	2141	85	1533	1812	3508	2718	558	79	3415	4011	2424	1108	870	1579	1884	348	576	2464	1933	3202	2117	4282	4039	3685	3230	3838	3346	375	3209	
430	2962	4332	656	3965	271	2564	1024	2640	3753	114	2646	427	3594	2953	916	1543	3755	1035	1661	4012	3252	0	1539	3940	3374	217	1919	2701	2616	2958	276	1596	378	3420	1734	2309	2871	4074	231	1374	2339	2404	3092	3840	827	2240	731	1599	3766	2558	2187	1158	2312	3942	2544	1109	2972	1507	160	771	2844	4369	1635	4284	3326	42	180	14	4265	3600	2323	2881	1762	1716	4268	3521	3638	366	1972	2373	1167	1141	4202	624	1599	4419	1462	269	3326	338	3539	1019	210	2406	518	4255	1522	2672	3373	
1143	558	222	438	776	714	4359	3641	1504	763	688	296	2733	2630	1217	1951	3623	3321	697	3782	2414	479	1539	0	359	933	1775	1948	3518	1859	3911	4085	3011	626	2018	421	1519	2755	3547	62	3518	4059	3828	1157	2970	3646	154	82	597	4060	2260	1965	932	4333	2029	494	1920	3785	4119	2320	4166	2719	2961	1836	1243	3980	964	370	1123	95	2826	3268	4187	332	1634	443	1968	1323	2019	547	3655	3249	3777	3591	1491	2647	3129	2703	147	2308	358	230	1108	1929	4256	3361	652	1522	3152	4036	
2739	2603	3030	2553	4331	889	4173	1374	476	1051	586	2291	1006	4093	1393	2449	4370	4423	3860	539	2773	3965	3940	359	0	180	858	4279	3084	2681	317	126	2696	3216	3364	496	3453	425	3296	716	3608	4135	489	414	1831	1872	4128	1107	2847	1274	3979	2669	976	1343	711	4074	2187	1747	337	2002	2616	2827	3747	1749	3597	1505	2740	896	4178	2322	4215	4411	56	93	1028	2743	3965	2450	3040	2782	572	4395	4032	2080	206	1845	4369	1132	838	3634	4216	1703	4465	3849	1489	3400	1158	3940	1315	1216	
2260	607	194	1762	3021	2760	2833	2168	2050	3464	2868	3009	578	4182	1586	1216	3994	3444	897	2971	2013	4338	3374	933	180	0	1180	1608	2592	4233	4320	139	2747	714	3344	238	969	397	128	4195	3705	2578	3416	1880	1561	2131	2575	2837	1885	3486	4213	4016	883	1279	744	12	2940	871	947	4413	3724	2314	367	758	4361	2597	3976	592	72	4106	246	280	470	3857	517	3830	1367	1205	3731	575	4459	1239	1954	604	809	3231	203	3807	1666	2233	4141	2408	2786	4075	4067	3698	4034	3207	2406	1062	
1786	1145	2803	4270	3841	3095	627	1253	897	1872	235	2070	4375	2680	1760	1788	3806	3566	27	1316	295	1257	217	1775	858	1180	0	1094	3858	1056	956	307	741	3014	701	3300	2848	2073	856	2144	4386	3800	3065	3405	1645	4419	2502	4210	3597	918	2809	3370	2338	1389	2058	1267	343	411	1082	4051	424	3208	3450	3334	2794	4187	2294	3074	2168	3775	2940	2359	1094	3474	2941	4391	863	690	628	1528	2766	1994	1540	4128	1297	2945	1120	2623	4296	2915	165	1970	760	1720	1290	760	4001	2881	2780	2007	
1303	2992	2846	734	3940	4339	3871	3054	3034	1375	3299	3264	3008	4297	4033	1126	4469	3710	2782	3055	3688	876	1919	1948	4279	1608	1094	0	25	1991	1509	3333	1459	4331	3300	3445	4210	441	1091	3353	3480	738	1452	63	0	3508	551	2516	1696	4110	621	2847	3485	640	4401	1768	1030	1344	460	1490	2788	113	794	2187	739	4384	4030	4176	3642	3591	297	207	253	390	4418	1411	4320	632	121	2858	2734	2666	2403	3644	3130	3463	1855	2401	3674	1548	1713	482	1940	2998	2727	3923	2140	3148	1872	3031	
638	846	4426	3777	2010	2631	4009	3280	351	1847	342	1694	3882	1760	633	3171	2313	3652	2297	3358	984	4334	2701	3518	3084	2592	3858	25	0	170	957	3179	3453	1877	1810	2016	3245	1147	3270	3731	1037	4069	167	3547	768	1605	1814	3575	2059	2071	4389	345	1270	562	3423	2418	1196	3887	2289	3661	2284	1557	2282	538	2118	995	2260	2204	3092	2969	1507	1932	1129	4458	2311	2525	3444	2284	3017	2087	1368	278	1061	3789	3317	3487	2678	554	3618	817	1844	2599	1836	142	2183	3395	2308	2027	1344	1554	
94	1318	245	1483	655	3130	1349	2993	1566	2832	3356	2398	3951	3164	1299	979	271	4323	4217	1867	2116	3508	2616	1859	2681	4233	1056	1991	170	0	2720	4337	1520	2002	1947	3202	845	1181	4288	4026	1465	1232	1440	3297	2036	4300	2586	3237	1693	2473	2726	1806	950	3074	4046	4029	156	3202	309	1393	3250	916	3589	3870	1384	2610	3336	554	1912	4232	268	2464	2985	3741	3461	1553	3787	1902	2692	2928	10	1033	2432	214	2580	4326	2038	4325	2872	1031	2991	3187	2412	2165	1520	1506	1646	2943	154	2957	
3253	3399	2263	1539	85	1484	4032	2834	720	631	313	3417	3454	4074	573	4330	2285	3464	2538	2787	346	3181	2958	3911	317	4320	956	1509	957	2720	0	1883	535	253	3395	462	2494	577	2223	658	960	1217	100	91	3999	3627	2861	844	2342	464	2108	4297	3240	430	3553	430	1996	1154	1869	515	2373	3785	1789	468	303	2422	1440	781	1474	4191	3310	2655	421	3644	3703	2575	1138	2854	1141	2997	2629	2816	1671	227	2085	2338	3487	501	1961	2281	1178	3016	2126	2260	3110	4456	3102	1220	3768	2443	
951	1140	4126	1515	562	2602	3986	2094	1098	552	3144	2408	3214	2418	423	2171	2861	1162	1560	4278	2797	670	276	4085	126	139	307	3333	3179	4337	1883	0	1307	410	4088	4205	3210	1710	3132	4436	1131	2895	3603	1599	2123	913	1032	982	4315	2663	1883	1904	3882	4236	847	3894	1274	60	1883	653	1939	2661	3898	3707	1870	3386	1511	2567	1815	4356	1378	187	322	333	2370	1130	2004	3911	3936	4083	957	1814	2389	2024	81	1955	147	3834	850	3791	3270	1417	4158	890	3944	4006	547	297	3084	1824	
2851	3184	4459	2940	1154	4121	3819	556	2953	122	274	1439	2416	1121	4138	1955	976	3953	1286	854	3684	1428	1596	3011	2696	2747	741	1459	3453	1520	535	1307	0	1675	630	2025	3247	2358	803	84	1841	2841	2289	4464	3434	289	775	1793	3620	697	710	4272	1189	4255	1624	3584	3868	666	2936	536	1557	1275	434	1148	2895	3996	21	2215	3619	3632	1370	2058	1851	289	1440	948	3935	4269	4194	567	2341	468	4430	1379	421	1029	4397	567	1817	1349	528	2403	3701	3775	628	4255	2189	2332	47	2039	
1498	145	2782	222	2149	3049	917	2318	4217	3723	654	1195	1799	1579	1490	2021	1066	3613	2695	685	3443	2247	378	626	3216	714	3014	4331	1877	2002	253	410	1675	0	3418	2112	3610	93	3272	1035	2192	492	3985	3884	2991	2945	1150	1152	4236	1528	3047	2461	700	1168	2101	2582	942	1596	2604	2572	2448	2914	1534	2124	2601	3763	3861	1033	1596	2574	1998	3994	4231	199	2078	600	3501	2524	1983	3380	3629	1640	2111	3578	100	2667	1751	299	1288	341	3404	3530	520	2498	1128	1232	1227	2471	2924	1964	
2335	2105	4151	868	3454	4105	3507	1927	610	1047	2545	2710	1132	2479	1162	564	2959	1723	746	2439	4253	2446	3420	2018	3364	3344	701	3300	1810	1947	3395	4088	630	3418	0	982	133	4389	2647	2648	1866	1032	3751	41	2005	4147	3491	319	2086	1152	435	2627	1212	1707	3246	4345	2865	3649	4013	3534	1018	1899	3961	2086	2907	780	1426	2568	962	2160	2067	3381	1478	4150	363	1942	347	2872	2213	1559	3454	3903	4452	3689	1334	1516	2909	966	4174	3489	1377	2037	2929	4388	1133	1635	3642	2074	1772	4343	
3315	1441	3838	2149	833	3605	2061	1687	2189	1466	1243	2077	1783	2549	1864	1437	34	4389	3009	277	3296	1465	1734	421	496	238	3300	3445	2016	3202	462	4205	2025	2112	982	0	2130	3611	3875	3128	860	3162	478	1402	841	28	187	3425	3701	591	79	1510	1932	1072	3514	3054	2365	2699	2246	429	1051	3013	1272	502	2701	4095	563	3842	2817	212	618	307	3770	1858	3347	2653	1802	1830	2636	2779	4006	4006	3097	3217	3147	2354	3826	217	2656	1890	2711	2485	2055	3454	4200	1847	2027	1542	778	1740	
4102	1590	4129	3025	99	2718	1299	856	3597	249	4147	301	1763	3659	2029	308	1963	78	3393	4199	2282	2529	2309	1519	3453	969	2848	4210	3245	845	2494	3210	3247	3610	133	2130	0	3448	2277	19	193	171	89	653	3296	2556	1680	1911	255	21	1764	2568	1937	644	2769	3653	2329	4396	3960	1644	3990	1551	709	2996	4398	4209	2433	660	1769	2644	55	4311	2557	1130	3330	992	2504	3532	3348	4156	2422	259	1758	2918	1999	2238	2093	4084	2731	1182	224	1734	2635	3920	1643	800	2721	2647	307	3239	
616	4060	1996	3563	3115	4319	955	1601	23	3305	277	3380	1483	3641	1450	1533	2705	1394	4000	407	269	881	2871	2755	425	397	2073	441	1147	1181	577	1710	2358	93	4389	3611	3448	0	2982	2824	4021	3314	3315	380	2428	785	3008	2311	2171	2452	3239	4373	3731	840	1664	2929	1145	864	2588	3529	4057	624	4364	1546	1969	1266	3295	709	2284	2507	4050	2441	3569	1106	2156	1906	3681	1384	2734	1825	4432	1870	352	1359	1331	3902	4419	1704	2924	916	183	3101	893	767	3179	2693	4042	554	3564	882	
985	1914	521	3615	2753	1122	2210	2437	1829	2873	1566	162	1022	1191	2980	252	40	4135	2728	982	1083	1574	4074	3547	3296	128	856	1091	3270	4288	2223	3132	803	3272	2647	3875	2277	2982	0	1615	3171	743	675	1510	2345	3138	497	623	4159	1172	3046	2750	2781	992	1856	2018	1019	163	2869	947	3884	2446	3513	2391	3255	2937	3499	2070	4091	2327	1532	452	1002	3913	3172	366	1122	3924	136	296	1939	3988	599	4348	225	3097	2567	4054	2593	3333	1184	799	2715	1689	1692	2108	1698	851	4180	509	
2456	4030	4180	692	617	1099	452	14	4400	3129	2629	613	191	602	74	3472	2759	673	3796	200	1908	3408	231	62	716	4195	2144	3353	3731	4026	658	4436	84	1035	2648	3128	19	2824	1615	0	3138	1553	4441	2460	2261	2827	707	2112	2566	3627	1934	4243	1327	1546	4019	3357	4140	807	540	392	1031	3472	3086	3917	2339	460	942	3755	2587	1647	1802	4067	116	4434	801	3509	583	2757	1361	2569	4137	1626	1774	1074	239	691	1175	337	3632	1749	4214	1518	3238	3980	3091	2412	455	1818	2345	4281	
4269	625	3499	3364	200	1349	4428	2803	24	652	2968	1853	3206	4152	1359	2409	3468	941	3692	1814	1030	3817	1374	3518	3608	3705	4386	3480	1037	1465	960	1131	1841	2192	1866	860	193	4021	3171	3138	0	4202	1341	229	4378	559	1253	3109	352	2247	1252	32	1467	2272	2418	3105	3235	963	1714	1246	3186	2801	1878	709	2708	4266	866	3256	648	620	1512	393	1421	2292	3822	3129	1115	1155	266	2185	3704	4148	240	4223	2644	3301	39	2134	2301	243	1500	2151	2631	4262	3318	608	112	2175	4220	4370	
842	1919	2269	4375	1780	1614	92	2072	3249	2722	1366	1771	751	1517	3149	2152	3773	4464	711	3288	1412	3384	2339	4059	4135	2578	3800	738	4069	1232	1217	2895	2841	492	1032	3162	171	3314	743	1553	4202	0	1243	2391	3787	336	1091	984	1280	1201	3903	2854	475	941	3404	4250	7	1505	2520	182	246	2094	2013	3800	4020	111	1676	2439	15	1961	1834	4229	2367	2657	4310	2052	2176	1260	1518	540	3847	871	585	3557	440	1328	4131	620	2223	1338	1174	2944	1005	1631	690	808	864	128	1078	3199	
3104	1423	3067	2914	1223	875	4251	3822	4072	2330	3763	4299	2341	2363	2649	1362	2015	273	2895	3133	559	3773	2404	3828	489	3416	3065	1452	167	1440	100	3603	2289	3985	3751	478	89	3315	675	4441	1341	1243	0	4332	2620	1733	605	723	847	2131	3126	2144	3226	3402	11	1596	244	3170	3080	1134	2962	3474	1045	2268	3079	3674	494	3290	1579	2741	4134	3507	4066	1658	1102	2883	627	4402	3393	3234	1648	1864	1966	242	2994	969	3271	2369	2888	1750	74	260	1438	3085	28	3872	2689	256	2187	1313	
3537	2797	670	368	992	317	1943	1545	1155	2828	885	4388	3802	1781	4223	2920	3540	1403	783	3976	388	270	3092	1157	414	1880	3405	63	3547	3297	91	1599	4464	3884	41	1402	653	380	1510	2460	229	2391	4332	0	751	1168	3052	1901	2332	3767	1168	180	3401	2536	4365	3184	287	458	1695	1035	918	1439	2815	268	1208	3566	829	2789	1644	3079	2500	1105	2166	2269	358	1019	2358	2924	3195	3232	434	2169	1721	146	1920	2183	1930	3304	2283	3674	3579	1747	1050	3901	3367	1935	1556	1283	851	1270	
2674	1018	1431	376	4133	3189	929	377	1923	2051	698	2392	3455	1859	2396	138	3012	2932	1233	2256	4033	3880	3840	2970	1831	1561	1645	0	768	2036	3999	2123	3434	2991	2005	841	3296	2428	2345	2261	4378	3787	2620	751	0	4191	3162	3498	3566	2926	1754	1656	2834	1200	1427	3503	179	1474	234	4280	3368	1935	1441	377	2406	2872	2943	335	1359	111	2462	3599	3759	1499	684	1001	3256	49	74	3978	941	3800	4352	2114	401	3314	1966	3108	4237	3361	1815	2273	2239	280	3438	1136	2408	617	2801	1470	
511	193	1473	4208	527	4398	375	13	3181	3429	969	887	4363	711	2139	98	2157	769	4115	1872	2415	4003	827	3646	1872	2131	4419	3508	1605	4300	3627	913	289	2945	4147	28	2556	785	3138	2827	559	336	1733	1168	4191	0	3579	2217	3653	3498	2683	2281	3580	1551	4308	3759	2175	3418	79	4005	3548	2133	3389	3329	3866	325	968	17	2759	1440	700	3849	2451	2554	3940	2841	3489	4354	3569	517	1663	964	1975	12	1403	1278	3356	2123	2901	1579	212	16	719	3841	745	458	2663	139	480	3210	
1697	1985	2159	1407	2690	3115	1393	4267	1688	2358	4457	512	651	2964	1866	2777	3403	1836	2670	532	1054	447	2240	154	4128	2575	2502	551	1814	2586	2861	1032	775	1150	3491	187	1680	3008	497	707	1253	1091	605	3052	3162	3579	0	3174	3308	2603	3647	3105	873	1380	4434	3061	1904	3812	2604	834	2112	3767	4232	388	4288	4088	2205	2281	3317	1105	4180	2679	4119	4358	1924	26	1366	2297	3354	3249	2392	1925	1846	2845	246	235	152	2086	1539	2652	2978	119	183	1554	2957	1570	998	1587	4319	309	
97	2247	3033	352	3188	2376	781	2466	326	795	2814	516	2614	409	2653	3652	3980	1281	4297	4227	4011	2606	731	82	1107	2837	4210	2516	3575	3237	844	982	1793	1152	319	3425	1911	2311	623	2112	3109	984	723	1901	3498	2217	3174	0	189	3944	76	3850	3859	3678	1056	3041	3856	4360	3789	1853	2863	2268	3065	3611	1495	1945	3422	347	2468	2068	3410	638	824	2528	3559	2914	3583	2129	3956	57	2182	1760	2973	3355	3418	3673	4242	1676	1956	1244	1136	1721	2589	2326	361	415	742	1449	323	3899	
2402	1869	1006	3680	3173	624	1932	746	826	809	3834	3285	3028	1762	164	1949	2966	1588	2564	201	3784	1455	1599	597	2847	1885	3597	1696	2059	1693	2342	4315	3620	4236	2086	3701	255	2171	4159	2566	352	1280	847	2332	3566	3653	3308	189	0	3243	1185	741	3958	4310	2652	1961	281	2672	2885	4030	654	1535	2806	617	4432	1421	2498	279	1714	1121	3942	250	2542	1992	3910	4051	3552	2511	1533	29	1394	3100	3500	61	2886	3410	4057	4159	1454	1989	4110	2195	33	3617	2442	1256	432	2362	3336	511	
3995	627	4082	626	1712	1807	333	557	4301	1099	3413	52	2310	1140	1699	3654	4434	1685	3807	3699	3117	1150	3766	4060	1274	3486	918	4110	2071	2473	464	2663	697	1528	1152	591	21	2452	1172	3627	2247	1201	2131	3767	2926	3498	2603	3944	3243	0	1409	3958	2725	3702	2609	1091	4408	542	1945	3149	3243	2541	948	1469	252	2461	2837	90	2986	1479	735	3473	1464	4466	1315	2401	1949	953	4295	3352	3249	2424	3624	3206	2546	3145	591	2899	509	515	3268	516	3435	257	3048	1122	422	3676	635	2840	
2660	2792	2065	1650	43	3668	129	1471	804	4436	1829	3500	150	2021	605	931	4157	3552	1371	1045	961	2697	2558	2260	3979	4213	2809	621	4389	2726	2108	1883	710	3047	435	79	1764	3239	3046	1934	1252	3903	3126	1168	1754	2683	3647	76	1185	1409	0	3603	493	565	2212	2987	2265	254	1867	3869	380	2063	840	1061	1664	2810	1903	1719	698	4130	3125	3181	121	4148	385	1643	2968	2025	136	3913	1207	4426	182	4346	2779	3378	3240	1635	389	339	247	3367	2700	4265	3671	915	1679	21	1462	1391	
763	3426	4388	1162	3387	4395	3680	3223	1913	2412	1538	1062	2770	447	3017	3166	365	1792	3909	550	1858	2821	2187	1965	2669	4016	3370	2847	345	1806	4297	1904	4272	2461	2627	1510	2568	4373	2750	4243	32	2854	2144	180	1656	2281	3105	3850	741	3958	3603	0	1228	3777	1358	3948	1975	692	2825	3428	2831	3442	225	4159	2543	4171	318	4403	21	863	1456	1906	3437	3587	3939	2748	3213	3014	2442	2971	868	2661	1611	1682	2959	1224	2248	1389	116	3463	2289	415	2264	1366	548	4330	651	519	2411	3969	
3614	2008	969	2306	1282	4125	1592	2058	2086	1905	2947	2385	3679	2428	1171	3483	1734	468	481	3466	1146	879	1158	932	976	883	2338	3485	1270	950	3240	3882	1189	700	1212	1932	1937	3731	2781	1327	1467	475	3226	3401	2834	3580	873	3859	3958	2725	493	1228	0	592	3166	3221	533	1814	3733	2600	1129	4234	2521	2846	2378	3838	4372	3732	3230	1591	4067	2544	1724	2480	2619	2594	3772	4041	2095	810	1652	2848	605	1559	3571	655	654	1155	4142	1992	2543	3699	700	2947	2499	3081	2915	4083	3927	3852	
2524	1787	3279	2431	3786	740	741	896	2615	559	778	642	708	2563	2994	4007	1357	2638	2350	2542	4412	726	2312	4333	1343	1279	1389	640	562	3074	430	4236	4255	1168	1707	1072	644	840	992	1546	2272	941	3402	2536	1200	1551	1380	3678	4310	3702	565	3777	592	0	342	133	193	872	3336	4031	4102	156	2996	3509	3381	2649	1899	1978	1484	4124	1969	217	4290	2846	1390	1628	1176	3145	3527	1878	4034	2207	1395	653	4223	534	1758	2130	2292	108	506	1900	1568	3969	2219	1606	835	3406	1320	1500	
2970	1851	1580	1878	94	3311	3515	357	2472	2685	1517	2766	1339	1185	4043	1137	25	3113	4230	2177	4128	2470	3942	2029	711	744	2058	4401	3423	4046	3553	847	1624	2101	3246	3514	2769	1664	1856	4019	2418	3404	11	4365	1427	4308	4434	1056	2652	2609	2212	1358	3166	342	0	3221	1238	2729	4348	4352	2844	1064	4368	2055	4375	1820	380	3580	1487	73	2637	4363	1951	1704	160	2307	3688	3869	2770	1345	3319	781	1775	228	2225	1995	1877	388	87	3947	3188	2684	4055	3455	406	2710	1393	992	4138	1307	
3505	3985	1255	618	2799	2354	1267	3748	1824	2672	2680	4291	2020	2670	2200	23	2873	147	2443	2552	1588	4303	2544	494	4074	12	1267	1768	2418	4029	430	3894	3584	2582	4345	3054	3653	2929	2018	3357	3105	4250	1596	3184	3503	3759	3061	3041	1961	1091	2987	3948	3221	133	3221	0	1575	3783	290	181	2544	3719	1531	1992	160	4331	1532	4251	2437	480	619	2156	3653	1807	1959	467	2504	957	2358	164	1497	3259	504	2691	666	4196	1635	3688	670	2873	4291	4283	2699	3059	870	881	3220	3978	3883	1404	
347	3243	2203	3687	2475	3655	1339	4047	2461	3310	1895	1514	948	3848	807	2367	668	1547	3107	3076	3559	3593	1109	1920	2187	2940	343	1030	1196	156	1996	1274	3868	942	2865	2365	2329	1145	1019	4140	3235	7	244	287	179	2175	1904	3856	281	4408	2265	1975	533	193	1238	1575	0	1601	996	608	3111	3963	4323	2064	1295	1135	916	3106	1893	1275	1595	138	2510	4	3088	497	1496	4443	3052	234	2236	1379	1075	2717	2414	4425	1303	2259	2887	741	2347	2490	4032	2656	2229	2253	1283	3033	4127	1638	
101	2982	1881	1351	1909	1655	4418	3974	2787	2437	3430	4336	228	1812	330	2966	1998	3807	3811	2383	3549	3573	2972	3785	1747	871	411	1344	3887	3202	1154	60	666	1596	3649	2699	4396	864	163	807	963	1505	3170	458	1474	3418	3812	4360	2672	542	254	692	1814	872	2729	3783	1601	0	2098	172	374	1839	938	1738	1523	131	1083	2338	424	847	3468	3525	3455	2507	1694	3220	4186	3843	849	2958	3317	782	2804	899	2478	2834	2487	4363	1628	33	831	3594	3710	1447	4014	4068	1717	3392	4322	1906	
2965	2226	3482	4394	2021	2971	3671	2551	1629	1090	2880	2839	301	254	1526	4218	475	1728	1826	404	3340	801	1507	4119	337	947	1082	460	2289	309	1869	1883	2936	2604	4013	2246	3960	2588	2869	540	1714	2520	3080	1695	234	79	2604	3789	2885	1945	1867	2825	3733	3336	4348	290	996	2098	0	4154	3778	3886	1939	2698	1443	2531	3383	2020	2811	3318	1761	4012	795	2432	3277	1210	2339	4329	586	922	2058	966	4085	243	1930	1134	3771	3698	1411	2983	2622	1478	284	3133	4064	2097	715	1871	3204	3839	
1719	3031	1500	761	3152	2246	3933	310	2677	1101	2736	4415	1693	3219	623	752	2399	262	3995	136	151	476	160	2320	2002	4413	4051	1490	3661	1393	515	653	536	2572	3534	429	1644	3529	947	392	1246	182	1134	1035	4280	4005	834	1853	4030	3149	3869	3428	2600	4031	4352	181	608	172	4154	0	2867	1361	2357	2114	3235	3198	3629	168	1566	3982	3105	2544	740	3870	3900	1876	496	1372	3030	1428	1956	3026	847	2861	4188	1212	1531	1092	468	3058	1822	1407	4060	1759	1815	1659	3816	2816	1806	469	
3942	1072	1785	3166	3648	3596	2178	2031	344	3713	1007	668	2007	3742	562	2844	502	2230	2385	1379	80	2165	771	4166	2616	3724	424	2788	2284	3250	2373	1939	1557	2448	1018	1051	3990	4057	3884	1031	3186	246	2962	918	3368	3548	2112	2863	654	3243	380	2831	1129	4102	2844	2544	3111	374	3778	2867	0	255	939	1906	2884	2187	2158	4094	1931	2365	289	2215	2106	122	4301	3514	45	2073	2572	1568	3965	2596	2720	4267	619	2530	1571	981	64	4032	4233	399	4366	3765	595	2426	3011	2476	2933	2550	
3648	1428	838	816	2926	2346	3759	4307	986	3310	1822	3871	2930	270	3432	4282	295	2676	666	1553	3199	4436	2844	2719	2827	2314	3208	113	1557	916	3785	2661	1275	2914	1899	3013	1551	624	2446	3472	2801	2094	3474	1439	1935	2133	3767	2268	1535	2541	2063	3442	4234	156	1064	3719	3963	1839	3886	1361	255	0	4400	1771	2349	4227	1827	4093	1841	4310	1714	1565	713	3256	677	1624	1787	2158	493	2718	912	292	3917	435	3782	579	2445	4079	742	63	1082	1462	2639	3515	782	4041	1280	642	4320	1582	
758	786	748	292	4395	3534	1642	1552	4339	2883	2754	3027	1868	3256	1074	163	1421	2774	3009	3833	2375	4024	4369	2961	3747	367	3450	794	2282	3589	1789	3898	434	1534	3961	1272	709	4364	3513	3086	1878	2013	1045	2815	1441	3389	4232	3065	2806	948	840	225	2521	2996	4368	1531	4323	938	1939	2357	939	4400	0	2007	2552	3692	2610	653	2998	3375	1592	1191	3883	3750	3706	4466	4394	4171	625	1667	67	2071	4374	4262	3972	653	1179	3247	4242	695	2511	3443	3030	3591	1368	870	3056	4012	96	2611	
4133	3859	424	3139	2772	4117	3240	2395	2825	3468	789	2515	1482	2101	465	2339	965	265	2665	4425	2635	1682	1635	1836	1749	758	3334	2187	538	3870	468	3707	1148	2124	2086	502	2996	1546	2391	3917	709	3800	2268	268	377	3329	388	3611	617	1469	1061	4159	2846	3509	2055	1992	2064	1738	2698	2114	1906	1771	2007	0	390	3541	3095	1506	2964	189	4412	767	3219	3152	155	1213	1817	3548	3053	915	1210	2318	3857	1798	2983	2886	3435	2602	3472	2131	1164	190	1586	430	116	3370	545	2590	121	1112	
1996	2017	2483	338	1169	3214	2317	3231	3186	1214	945	2150	3673	3691	4453	23	2302	2842	4170	3916	4347	3267	4284	1243	3597	4361	2794	739	2118	1384	303	1870	2895	2601	2907	2701	4398	1969	3255	2339	2708	4020	3079	1208	2406	3866	4288	1495	4432	252	1664	2543	2378	3381	4375	160	1295	1523	1443	3235	2884	2349	2552	390	0	2820	2755	3222	2789	1769	4324	2267	2158	1926	224	3463	2977	1394	513	2289	2890	1541	2574	4344	2758	1656	456	1570	3472	274	3466	2728	2953	4384	3213	3964	2552	2365	991	484	
1840	2673	3403	483	2431	4343	3700	2099	172	4027	541	370	1958	1477	1156	1338	991	3845	3793	4032	1052	1124	3326	3980	1505	2597	4187	4384	995	2610	2422	3386	3996	3763	780	4095	4209	1266	2937	460	4266	111	3674	3566	2872	325	4088	1945	1421	2461	2810	4171	3838	2649	1820	4331	1135	131	2531	3198	2187	4227	3692	3541	2820	0	2421	494	3154	3717	2491	2368	1280	3592	2228	3832	184	1659	1365	2839	4300	1912	201	340	526	3768	3782	132	4325	2745	3809	1933	1389	1931	3433	2466	4353	246	1416	207	
4340	2934	1321	953	4305	1861	2760	419	1890	1330	2928	1402	482	2450	1742	425	1200	504	14	108	1141	1989	42	964	2740	3976	2294	4030	2260	3336	1440	1511	21	3861	1426	563	2433	3295	3499	942	866	1676	494	829	2943	968	2205	3422	2498	2837	1903	318	4372	1899	380	1532	916	1083	3383	3629	2158	1827	2610	3095	2755	2421	0	3476	3360	1172	2274	3159	1156	2627	1642	3117	4010	673	3193	188	994	2303	770	164	3705	250	3708	4234	1361	3291	1065	2466	1609	2389	1113	2281	1162	4066	3542	3302	
4253	1468	2883	2945	1870	2964	4167	2612	1820	621	700	2062	735	2796	3826	3500	1780	3853	2555	3024	3827	1447	180	370	896	592	3074	4176	2204	554	781	2567	2215	1033	2568	3842	660	709	2070	3755	3256	2439	3290	2789	335	17	2281	347	279	90	1719	4403	3732	1978	3580	4251	3106	2338	2020	168	4094	4093	653	1506	3222	494	3476	0	203	3652	3402	426	3797	2591	4204	70	2579	4273	3145	4261	3383	622	3356	3091	213	295	560	260	459	3185	2812	3312	3314	1169	232	1367	1998	2972	2932	584	
1317	1322	578	1572	2383	4133	977	3322	3288	2971	1055	4107	3196	2167	1955	4103	93	3505	215	2459	4038	2138	14	1123	4178	72	2168	3642	3092	1912	1474	1815	3619	1596	962	2817	1769	2284	4091	2587	648	15	1579	1644	1359	2759	3317	2468	1714	2986	698	21	3230	1484	1487	2437	1893	424	2811	1566	1931	1841	2998	2964	2789	3154	3360	203	0	899	2708	2093	962	97	3744	1444	2787	2669	1496	2116	3752	1493	1092	248	1720	1918	943	3440	1052	2248	2532	2257	2897	1131	1610	996	1983	1213	908	4076	
2954	1941	4147	475	3549	3772	4004	3990	3364	2165	1868	1570	3124	3597	3614	2706	2884	3784	3929	441	4023	3267	4265	95	2322	4106	3775	3591	2969	4232	4191	4356	3632	2574	2160	212	2644	2507	2327	1647	620	1961	2741	3079	111	1440	1105	2068	1121	1479	4130	863	1591	4124	73	480	1275	847	3318	3982	2365	4310	3375	189	1769	3717	1172	3652	899	0	2540	760	1307	2978	1552	297	2255	407	258	2317	1472	2591	1330	1561	2762	3387	3677	3697	2487	4159	705	2791	368	721	855	4208	3866	2764	3013	2251	
1810	1880	4045	3556	2	380	3425	3182	1436	2600	1204	1009	1754	4132	2692	1250	3109	379	1044	3460	2030	3550	3600	2826	4215	246	2940	297	1507	268	3310	1378	1370	1998	2067	618	55	4050	1532	1802	1512	1834	4134	2500	2462	700	4180	3410	3942	735	3125	1456	4067	1969	2637	619	1595	3468	1761	3105	289	1714	1592	4412	4324	2491	2274	3402	2708	2540	0	2392	4325	2336	3428	2950	2140	1540	4003	2	4303	825	1472	3485	388	3009	968	791	336	965	2512	3391	3797	2405	4231	1233	1328	1482	2471	3529	
4188	1959	828	4049	2474	4254	1875	3585	1908	3169	3183	4196	949	1446	126	4087	816	3656	1162	330	1013	2141	2323	3268	4411	280	2359	207	1932	2464	2655	187	2058	3994	3381	307	4311	2441	452	4067	393	4229	3507	1105	3599	3849	2679	638	250	3473	3181	1906	2544	217	4363	2156	138	3525	4012	2544	2215	1565	1191	767	2267	2368	3159	426	2093	760	2392	0	2919	3074	4073	3894	887	1898	2530	3203	689	1949	4284	3710	444	993	2900	707	2776	2595	985	2180	4469	656	1388	3969	2015	1988	3432	4106	
2669	925	2716	1307	465	613	4380	1425	3591	2103	48	713	3967	1706	3882	3814	273	3301	3315	4449	4258	85	2881	4187	56	470	1094	253	1129	2985	421	322	1851	4231	1478	3770	2557	3569	1002	116	1421	2367	4066	2166	3759	2451	4119	824	2542	1464	121	3437	1724	4290	1951	3653	2510	3455	795	740	2106	713	3883	3219	2158	1280	1156	3797	962	1307	4325	2919	0	2426	906	2434	3959	4105	4309	820	1216	523	2224	1263	2445	1145	1453	1057	2219	4273	575	696	351	3417	2622	85	1262	3130	1449	137	
1487	1693	1325	16	273	1358	2140	3238	149	1933	520	192	3783	4311	1936	1148	1864	3636	857	2789	3025	1533	1762	332	93	3857	3474	390	4458	3741	3644	333	289	199	4150	1858	1130	1106	3913	4434	2292	2657	1658	2269	1499	2554	4358	2528	1992	4466	4148	3587	2480	2846	1704	1807	4	2507	2432	3870	122	3256	3750	3152	1926	3592	2627	2591	97	2978	2336	3074	2426	0	3433	3718	765	1932	1436	3978	601	178	678	3661	3260	1784	2028	4265	102	2669	732	299	584	1803	4013	1029	3882	3065	2954	3133	
2191	40	2758	2757	2871	3674	3231	1324	3670	3678	1200	3450	2387	440	402	161	1603	1998	1053	2601	3910	1812	1716	1634	1028	517	2941	4418	2311	3461	3703	2370	1440	2078	363	3347	3330	2156	3172	801	3822	4310	1102	358	684	3940	1924	3559	3910	1315	385	3939	2619	1390	160	1959	3088	1694	3277	3900	4301	677	3706	155	224	2228	1642	4204	3744	1552	3428	4073	906	3433	0	1673	3589	2608	2200	2146	1291	944	197	1306	1978	952	2269	3715	2635	1649	2113	1103	537	1741	4295	1185	563	3905	4165	2193	
3653	3536	4148	821	3028	234	507	487	3897	3949	3913	2977	425	1524	1235	2157	3678	2385	1747	1867	2396	3508	4268	443	2743	3830	4391	1411	2525	1553	2575	1130	948	600	1942	2653	992	1906	366	3509	3129	2052	2883	1019	1001	2841	26	2914	4051	2401	1643	2748	2594	1628	2307	467	497	3220	1210	1876	3514	1624	4466	1213	3463	3832	3117	70	1444	297	2950	3894	2434	3718	1673	0	3464	2064	1330	202	2732	2641	3888	1729	2750	274	1190	3951	2674	3828	4445	645	3562	3450	104	2185	992	1333	100	3318	
2702	843	4430	1228	3669	4166	1753	3180	858	1536	642	4291	1218	1627	1171	2910	2480	2456	4275	3604	2158	2718	3521	1968	3965	1367	863	4320	3444	3787	1138	2004	3935	3501	347	1802	2504	3681	1122	583	1115	2176	627	2358	3256	3489	1366	3583	3552	1949	2968	3213	3772	1176	3688	2504	1496	4186	2339	496	45	1787	4394	1817	2977	184	4010	2579	2787	2255	2140	887	3959	765	3589	3464	0	3244	1629	1172	1901	1195	2278	3263	3036	1368	2506	946	2379	2724	425	4433	167	4114	1668	2249	4077	325	4080	4228	
474	1358	4369	4185	2713	987	2783	527	3630	4123	335	2207	1055	771	2049	2534	218	4133	1458	1560	4186	558	3638	1323	2450	1205	690	632	2284	1902	2854	3911	4269	2524	2872	1830	3532	1384	3924	2757	1155	1260	4402	2924	49	4354	2297	2129	2511	953	2025	3014	4041	3145	3869	957	4443	3843	4329	1372	2073	2158	4171	3548	1394	1659	673	4273	2669	407	1540	1898	4105	1932	2608	2064	3244	0	1847	4069	1810	2171	3752	2482	3971	1733	1348	4277	375	1226	3430	585	3023	1868	3683	2854	3161	2711	792	2125	
2124	886	4343	1593	2196	1967	1598	2923	3168	2652	2438	593	3353	3131	3171	3519	1658	4221	2626	2104	1039	79	366	2019	3040	3731	628	121	3017	2692	1141	3936	4194	1983	2213	2636	3348	2734	136	1361	266	1518	3393	3195	74	3569	3354	3956	1533	4295	136	2442	2095	3527	2770	2358	3052	849	586	3030	2572	493	625	3053	513	1365	3193	3145	1496	258	4003	2530	4309	1436	2200	1330	1629	1847	0	2487	798	4392	3749	4157	3606	4465	2607	982	3830	1560	2101	4035	1511	519	89	1912	1999	3843	1085	2491	
635	1489	3526	1832	3713	2542	2240	1511	2776	3592	1758	431	852	4463	2040	592	1346	195	212	1433	2718	3415	1972	547	2782	575	1528	2858	2087	2928	2997	4083	567	3380	1559	2779	4156	1825	296	2569	2185	540	3234	3232	3978	517	3249	57	29	3352	3913	2971	810	1878	1345	164	234	2958	922	1428	1568	2718	1667	915	2289	2839	188	4261	2116	2317	2	3203	820	3978	2146	202	1172	4069	2487	0	3263	1264	4071	1142	2851	469	4418	2615	1093	2589	3175	2737	2742	4263	1758	363	962	935	772	3578	
2	1883	1220	693	2241	3215	2614	2185	1600	2733	3550	3453	2623	1547	829	774	3877	2598	4379	2130	3363	4011	2373	3655	572	4459	2766	2734	1368	10	2629	957	2341	3629	3454	4006	2422	4432	1939	4137	3704	3847	1648	434	941	1663	2392	2182	1394	3249	1207	868	1652	4034	3319	1497	2236	3317	2058	1956	3965	912	67	1210	2890	4300	994	3383	3752	1472	4303	689	1216	601	1291	2732	1901	1810	798	3263	0	566	820	2644	3761	164	4304	696	3674	4053	754	2843	1591	1352	926	375	156	3031	2776	2513	
3694	988	2471	2570	1615	3646	1672	2699	4088	4056	3934	3451	336	1484	3515	2017	3153	2358	744	777	3719	2424	1167	3249	4395	1239	1994	2666	278	1033	2816	1814	468	1640	3903	4006	259	1870	3988	1626	4148	871	1864	2169	3800	964	1925	1760	3100	2424	4426	2661	2848	2207	781	3259	1379	782	966	3026	2596	292	2071	2318	1541	1912	2303	622	1493	2591	825	1949	523	178	944	2641	1195	2171	4392	1264	566	0	608	332	1369	4017	2964	2997	323	2689	3950	63	2226	3037	2164	2500	3552	3689	4401	488	
3826	4159	851	1353	3481	1066	2745	2508	2116	1942	419	2632	3885	1499	2180	3936	2375	1497	3271	769	1591	1108	1141	3777	4032	1954	1540	2403	1061	2432	1671	2389	4430	2111	4452	3097	1758	352	599	1774	240	585	1966	1721	4352	1975	1846	2973	3500	3624	182	1611	605	1395	1775	504	1075	2804	4085	847	2720	3917	4374	3857	2574	201	770	3356	1092	1330	1472	4284	2224	678	197	3888	2278	3752	3749	4071	820	608	0	535	2570	952	2942	2469	275	3199	16	4386	2723	1194	714	1681	4346	3417	2934	1249	
